---------------------------------
--- Parameters ------------------
---------------------------------
Ra = 1.005
Er = 1.0
Re = 0.0136
NX = 64
NY = 64
height = 20.0
width = 20.0
trust radius = 0.1
---------------------------------

Initial error = 0.0032921202295278897
Iteration = 1,  error = 0.00047789421998306597,    Linear system error = 0.00025674845588298143,    trust radius = 0.0015625
Iteration = 2,  error = 0.0003616693545628327,    Linear system error = 0.00019424476130554112,    trust radius = 0.00078125
Iteration = 3,  error = 0.0003004109740360286,    Linear system error = 0.00016130026036671928,    trust radius = 0.00078125
Iteration = 4,  error = 0.00024173934279814795,    Linear system error = 0.00012975655435767475,    trust radius = 0.00078125
Iteration = 5,  error = 0.00018458473909598996,    Linear system error = 9.90462388482798e-05,    trust radius = 0.00078125
Iteration = 6,  error = 0.00012153642845267958,    Linear system error = 6.520472323047313e-05,    trust radius = 0.000390625
Iteration = 7,  error = 8.897664410216015e-05,    Linear system error = 4.772752895878071e-05,    trust radius = 0.000390625
Iteration = 8,  error = 5.649540258698401e-05,    Linear system error = 3.029910018599006e-05,    trust radius = 0.000390625
Iteration = 9,  error = 3.106510130292012e-05,    Linear system error = 1.665784373547295e-05,    trust radius = 0.000390625
Iteration = 10,  error = 5.316640632928491e-06,    Linear system error = 2.8505172752870656e-06,    trust radius = 0.1
Iteration = 11,  error = 5.40064421800374e-12,    Linear system error = 2.8955555862725533e-12,    trust radius = 3.814697265625e-07
Tolerance threshold reached.
Iteration = 11,  error = 5.40064421800374e-12,    Linear system error = 2.8955555862725533e-12,    trust radius = 0.1
Newton solver runtime = 1361.5494136000002
Solver converged with tolerance 5.40064421800374e-12
Time: 1361.6261144999999 seconds