---------------------------------
--- Parameters ------------------
---------------------------------
Ra = 2.51
Er = 1.0
Re = 0.0136
NX = 32
NY = 32
height = 20.0
width = 20.0
T0 = 13.786309092523682
d0 = 36.321694774387836
timestep = 0.01
trust radius = 0.1
---------------------------------

Initial error = 0.0055717722726507345,    T = 13.786309092523682,    d = 36.321694774387836
Iteration = 1,  error = 0.00019387661297726153,    T = 13.776291711960509,    d = 36.3733749943273,    trust radius = 0.1
Iteration = 2,  error = 9.275388366167932e-06,    T = 13.776563149905009,    d = 36.372720650947166,    trust radius = 0.1
Iteration = 3,  error = 6.794722229966054e-08,    T = 13.776566241483646,    d = 36.37277027066101,    trust radius = 0.1
Iteration = 4,  error = 2.1265527212474653e-09,    T = 13.776566145867275,    d = 36.37277056752765,    trust radius = 0.1
Iteration = 5,  error = 7.10461741050071e-11,    T = 13.776566149058352,    d = 36.37277055882258,    trust radius = 0.1
Tolerance threshold reached.
Iteration = 5,  error = 7.10461741050071e-11,    T = 13.776566149058352,    d = 36.37277055882258,    Linear system error = 1.7071478155958902e-38,    trust radius = 0.1
Newton solver runtime = 1665.097373005
Solver converged with tolerance 7.10461741050071e-11
Time: 1665.1207303600002 seconds