---------------------------------
--- Parameters ------------------
---------------------------------
Ra = 2.51
Er = 1.0
Re = 0.0136
NX = 32
NY = 32
height = 20.0
width = 20.0
T0 = 13.786309092523682
d0 = 36.321694774387836
timestep = 0.01
trust radius = 0.1
---------------------------------

Initial error = 0.005571772272638734,    T = 13.786309092523682,    d = 36.321694774387836
Iteration = 1,  error = 0.00019387648811895145,    T = 13.776291711456869,    d = 36.373374992917824,    trust radius = 0.1
Iteration = 2,  error = 9.275406868206915e-06,    T = 13.77656314989356,    d = 36.37272065065371,    trust radius = 0.1
Iteration = 3,  error = 6.794986340484951e-08,    T = 13.77656624149185,    d = 36.37277027066582,    trust radius = 0.1
Iteration = 4,  error = 2.1266224749704835e-09,    T = 13.776566145871415,    d = 36.37277056753754,    trust radius = 0.1
Iteration = 5,  error = 7.078564869347663e-11,    T = 13.776566149062694,    d = 36.372770558832414,    trust radius = 0.1
Tolerance threshold reached.
Iteration = 5,  error = 7.078564869347663e-11,    T = 13.776566149062694,    d = 36.372770558832414,    Linear system error = 1.4617099883514848e-38,    trust radius = 0.1
Newton solver runtime = 1856.5373444999568
Solver converged with tolerance 7.078564869347663e-11
Time: 1856.5618072999641 seconds